biquad1,
b0=0.994553840669991,
b1=-1.98910768133998,
b2=0.994553840669991,
a1=1.98907802046859,
a2=-0.989137342211371,
biquad2,
b0=0.994553840669991,
b1=-1.98910768133998,
b2=0.994553840669991,
a1=1.98907802046859,
a2=-0.989137342211371
