biquad1,
b0=1.4830435694858e-05,
b1=2.9660871389716e-05,
b2=1.4830435694858e-05,
a1=1.98907802046859,
a2=-0.989137342211371,
biquad2,
b0=1.4830435694858e-05,
b1=2.9660871389716e-05,
b2=1.4830435694858e-05,
a1=1.98907802046859,
a2=-0.989137342211371
