biquad1,
b0=1.049802360434,
b1=-1.74704622387037,
b2=0.708753625157378,
a1=1.74704622387037,
a2=-0.758555985591375
