biquad1,
b0=2.67111819121555e-06,
b1=5.3422363824311e-06,
b2=2.67111819121555e-06,
a1=1.99537200517118,
a2=-0.995382689643946,
biquad2,
b0=2.67111819121555e-06,
b1=5.3422363824311e-06,
b2=2.67111819121555e-06,
a1=1.99537200517118,
a2=-0.995382689643946,
