biquad1,
b0=0.997688673703782,
b1=-1.99537734740756,
b2=0.997688673703782,
a1=1.99537200517118,
a2=-0.995382689643946,
biquad2,
b0=0.997688673703782,
b1=-1.99537734740756,
b2=0.997688673703782,
a1=1.99537200517118,
a2=-0.995382689643946,
