biquad1,
b0=0.994185684936765,
b1=-1.98837136987353,
b2=0.994185684936765,
a1=1.98833756332816,
a2=-0.988405176418906,
biquad2,
b0=0.994185684936765,
b1=-1.98837136987353,
b2=0.994185684936765,
a1=1.98833756332816,
a2=-0.988405176418906
