biquad1,
b0=1.04045987912194,
b1=-1.79645201691855,
b2=0.763388863135281,
a1=1.79645201691855,
a2=-0.803848742257217
