biquad1,
b0=0.994461788958195,
b1=-1.98892357791639,
b2=0.994461788958195,
a1=1.98889290589965,
a2=-0.988954249933127,
biquad2,
b0=0.994461788958195,
b1=-1.98892357791639,
b2=0.994461788958195,
a1=1.98889290589965,
a2=-0.988954249933127
