biquad1,
b0=1.53360083683865e-05,
b1=3.0672016736773e-05,
b2=1.53360083683865e-05,
a1=1.98889290589965,
a2=-0.988954249933127,
biquad2,
b0=1.53360083683865e-05,
b1=3.0672016736773e-05,
b2=1.53360083683865e-05,
a1=1.98889290589965,
a2=-0.988954249933127,
biquad3,
b0=0.999074827623903,
b1=-1.99814965524781,
b2=0.999074827623903,
a1=1.9981487993037,
a2=-0.998150511191915
