biquad1,
b0=2.08547767538406e-05,
b1=4.17095535076812e-05,
b2=2.08547767538406e-05,
a1=1.98704177101036,
a2=-0.987125190117379,
biquad2,
b0=2.08547767538406e-05,
b1=4.17095535076812e-05,
b2=2.08547767538406e-05,
a1=1.98704177101036,
a2=-0.987125190117379,
biquad3,
b0=0.999074827623903,
b1=-1.99814965524781,
b2=0.999074827623903,
a1=1.9981487993037,
a2=-0.998150511191915
