biquad1,
b0=0.995613047955752,
b1=-1.9912260959115,
b2=0.995613047955752,
a1=1.99120685047067,
a2=-0.99124534135234,
biquad2,
b0=0.995613047955752,
b1=-1.9912260959115,
b2=0.995613047955752,
a1=1.99120685047067,
a2=-0.99124534135234
