biquad1,
b0=1.00415548908319,
b1=-1.97978306337471,
b2=0.97569851869205,
a1=1.97978306337471,
a2=-0.979854007775245
