biquad1,
b0=1.00541100116685,
b1=-1.97364656812652,
b2=0.968356229295527,
a1=1.97364656812652,
a2=-0.973767230462379
