biquad1,
b0=3.11501647798647e-06,
b1=6.23003295597294e-06,
b2=3.11501647798647e-06,
a1=1.99500176706135,
a2=-0.995014227127258,
biquad2,
b0=3.11501647798647e-06,
b1=6.23003295597294e-06,
b2=3.11501647798647e-06,
a1=1.99500176706135,
a2=-0.995014227127258
