biquad1,
b0=0.997503998547151,
b1=-1.9950079970943,
b2=0.997503998547151,
a1=1.99500176706135,
a2=-0.995014227127258,
biquad2,
b0=0.997503998547151,
b1=-1.9950079970943,
b2=0.997503998547151,
a1=1.99500176706135,
a2=-0.995014227127258
