biquad1,
b0=1.00540415013253,
b1=-1.97368008963376,
b2=0.968396294442915,
a1=1.97368008963376,
a2=-0.973800444575442
