biquad1,
b0=0.99722704990447,
b1=-1.99445409980894,
b2=0.99722704990447,
a1=1.99444641054193,
a2=-0.994461789075954,
biquad2,
b0=0.99722704990447,
b1=-1.99445409980894,
b2=0.99722704990447,
a1=1.99444641054193,
a2=-0.994461789075954
