biquad1,
b0=3.84463350677927e-06,
b1=7.68926701355853e-06,
b2=3.84463350677927e-06,
a1=1.99444641054193,
a2=-0.994461789075954,
biquad2,
b0=3.84463350677927e-06,
b1=7.68926701355853e-06,
b2=3.84463350677927e-06,
a1=1.99444641054193,
a2=-0.994461789075954
