biquad1,
b0=3.59292836225023e-06,
b1=7.18585672450047e-06,
b2=3.59292836225023e-06,
a1=1.99463152929152,
a2=-0.994645901004973,
biquad2,
b0=3.59292836225023e-06,
b1=7.18585672450047e-06,
b2=3.59292836225023e-06,
a1=1.99463152929152,
a2=-0.994645901004973
