biquad1,
b0=0.997319357574124,
b1=-1.99463871514825,
b2=0.997319357574124,
a1=1.99463152929152,
a2=-0.994645901004973,
biquad2,
b0=0.997319357574124,
b1=-1.99463871514825,
b2=0.997319357574124,
a1=1.99463152929152,
a2=-0.994645901004973
