biquad1,
b0=1.04641702077136,
b1=-1.76506732942098,
b2=0.728551239080922,
a1=1.76506732942098,
a2=-0.774968259852284
