biquad1,
b0=1.04110097790469,
b1=-1.79309394481025,
b2=0.759639689506462,
a1=1.79309394481025,
a2=-0.800740667411149
