biquad1,
b0=1.69032726875764e-05,
b1=3.38065453751527e-05,
b2=1.69032726875764e-05,
a1=1.98833756332816,
a2=-0.988405176418906,
biquad2,
b0=1.69032726875764e-05,
b1=3.38065453751527e-05,
b2=1.69032726875764e-05,
a1=1.98833756332816,
a2=-0.988405176418906
