biquad1,
b0=9.62272041764363e-06,
b1=1.92454408352873e-05,
b2=9.62272041764363e-06,
a1=1.99120685047067,
a2=-0.99124534135234,
biquad2,
b0=9.62272041764363e-06,
b1=1.92454408352873e-05,
b2=9.62272041764363e-06,
a1=1.99120685047067,
a2=-0.99124534135234
