biquad1,
b0=0.994093667298269,
b1=-1.98818733459654,
b2=0.994093667298269,
a1=1.98815244952631,
a2=-0.988222219666763,
biquad2,
b0=0.994093667298269,
b1=-1.98818733459654,
b2=0.994093667298269,
a1=1.98815244952631,
a2=-0.988222219666763
