biquad1,
b0=1.74425351128008e-05,
b1=3.48850702256017e-05,
b2=1.74425351128008e-05,
a1=1.98815244952631,
a2=-0.988222219666763,
biquad2,
b0=1.74425351128008e-05,
b1=3.48850702256017e-05,
b2=1.74425351128008e-05,
a1=1.98815244952631,
a2=-0.988222219666763
