biquad1,
b0=1.03719921168882,
b1=-1.81346051767207,
b2=0.782457388425766,
a1=1.81346051767207,
a2=-0.819656600114589
