biquad1,
b0=1.03522462334197,
b1=-1.82370388242755,
b2=0.794004867156033,
a1=1.82370388242755,
a2=-0.829229490497999
