biquad1,
b0=0.999777327009411,
b1=-1.99924148937143,
b2=0.999478403730122,
a1=1.99924148937143,
a2=-0.999255730739534,
biquad2,
b0=1.00002873925271,
b1=-1.99900035480753,
b2=0.9989798682296,
a1=1.99900035480753,
a2=-0.999008607482314
