biquad1,
b0=1.03916866111092,
b1=-1.80320143452815,
b2=0.770939962351549,
a1=1.80320143452815,
a2=-0.810108623462464
