biquad1,
b0=2.08547767538406e-05,
b1=4.17095535076812e-05,
b2=2.08547767538406e-05,
a1=1.98704177101036,
a2=-0.987125190117379,
biquad2,
b0=2.08547767538406e-05,
b1=4.17095535076812e-05,
b2=2.08547767538406e-05,
a1=1.98704177101036,
a2=-0.987125190117379
