biquad1,
b0=0.996304442969349,
b1=-1.9926088859387,
b2=0.996304442969349,
a1=1.9925952287503,
a2=-0.992622543127095,
biquad2,
b0=0.996304442969349,
b1=-1.9926088859387,
b2=0.996304442969349,
a1=1.9925952287503,
a2=-0.992622543127095
