biquad1,
b0=6.82859419826929e-06,
b1=1.36571883965386e-05,
b2=6.82859419826929e-06,
a1=1.9925952287503,
a2=-0.992622543127095,
biquad2,
b0=6.82859419826929e-06,
b1=1.36571883965386e-05,
b2=6.82859419826929e-06,
a1=1.9925952287503,
a2=-0.992622543127095
