biquad1,
b0=1.04705809890433,
b1=-1.76166522860498,
b2=0.724802186212917,
a1=1.76166522860498,
a2=-0.771860285117249
