biquad1,
b0=0.999565407809007,
b1=-1.99843625651136,
b2=0.998885179043996,
a1=1.99843625651136,
a2=-0.998450586853003,
biquad2,
b0=1.00025328295661,
b1=-1.99830248963965,
b2=0.998098149137363,
a1=1.99830248963965,
a2=-0.998351432093968,
biquad3,
b0=0.999835161711513,
b1=-1.99892467263447,
b2=0.999117554652231,
a1=1.99892467263447,
a2=-0.998952716363743,
biquad4,
b0=0.999807899112095,
b1=-1.99815436762802,
b2=0.998433770511096,
a1=1.99815436762802,
a2=-0.998241669623191
