biquad1,
b0=0.995843459634034,
b1=-1.99168691926807,
b2=0.995843459634034,
a1=1.99166964236563,
a2=-0.991704196170505,
biquad2,
b0=0.995843459634034,
b1=-1.99168691926807,
b2=0.995843459634034,
a1=1.99166964236563,
a2=-0.991704196170505
