biquad1,
b0=8.63845121837087e-06,
b1=1.72769024367417e-05,
b2=8.63845121837087e-06,
a1=1.99166964236563,
a2=-0.991704196170505,
biquad2,
b0=8.63845121837087e-06,
b1=1.72769024367417e-05,
b2=8.63845121837087e-06,
a1=1.99166964236563,
a2=-0.991704196170505
