biquad1,
b0=0.993541740281936,
b1=-1.98708348056387,
b2=0.993541740281936,
a1=1.98704177101036,
a2=-0.987125190117379,
biquad2,
b0=0.993541740281936,
b1=-1.98708348056387,
b2=0.993541740281936,
a1=1.98704177101036,
a2=-0.987125190117379
