biquad1,
b0=0.99234694935262,
b1=-1.98469389870524,
b2=0.99234694935262,
a1=1.98463532866342,
a2=-0.984752468747064,
biquad2,
b0=0.99234694935262,
b1=-1.98469389870524,
b2=0.99234694935262,
a1=1.98463532866342,
a2=-0.984752468747064
