biquad1,
b0=2.92850209119063e-05,
b1=5.85700418238125e-05,
b2=2.92850209119063e-05,
a1=1.98463532866342,
a2=-0.984752468747064,
biquad2,
b0=2.92850209119063e-05,
b1=5.85700418238125e-05,
b2=2.92850209119063e-05,
a1=1.98463532866342,
a2=-0.984752468747064
