biquad1,
b0=1.03850823564958,
b1=-1.80664642595191,
b2=0.774802159239208,
a1=1.80664642595191,
a2=-0.813310394888793
