biquad1,
b0=1.03791006978641,
b1=-1.80976249674167,
b2=0.77830025928279,
a1=1.80976249674167,
a2=-0.816210329069198
