biquad1,
b0=0.992209181343296,
b1=-1.98441836268659,
b2=0.992209181343296,
a1=1.9843576649102,
a2=-0.984479060462989,
biquad2,
b0=0.992209181343296,
b1=-1.98441836268659,
b2=0.992209181343296,
a1=1.9843576649102,
a2=-0.984479060462989
