biquad1,
b0=3.03488881983462e-05,
b1=6.06977763966924e-05,
b2=3.03488881983462e-05,
a1=1.9843576649102,
a2=-0.984479060462989,
biquad2,
b0=3.03488881983462e-05,
b1=6.06977763966924e-05,
b2=3.03488881983462e-05,
a1=1.9843576649102,
a2=-0.984479060462989
